Dimension: 280
100
99
101
102
103
104
92
98
97
96
95
94
93
91
90
89
109
80
79
81
82
83
84
88
112
87
113
85
66
76
78
77
75
74
73
72
71
70
67
69
68
64
63
62
65
86
116
58
57
59
44
45
56
55
46
47
54
53
48
49
52
51
50
37
38
36
35
39
40
41
42
43
60
61
118
117
115
114
111
110
108
105
107
174
173
106
169
170
172
171
163
162
161
175
160
159
158
157
119
120
121
122
123
124
125
30
31
34
33
32
28
27
26
22
25
23
24
29
126
127
128
21
20
19
18
17
133
132
131
130
129
154
155
153
156
176
177
151
152
178
150
149
148
147
142
141
140
265
264
263
267
266
139
138
137
268
136
135
134
269
270
16
271
272
273
274
275
276
9
15
14
13
12
11
10
8
7
6
5
4
277
278
279
3
280
1
2
243
242
241
240
244
245
239
238
237
236
235
234
233
232
231
246
247
248
249
250
251
230
229
228
227
226
225
224
223
222
221
220
219
218
217
216
215
214
213
212
211
210
209
252
255
256
260
261
262
259
258
257
254
253
208
207
206
205
204
203
202
201
196
195
194
197
198
199
200
144
143
146
145
179
180
181
182
183
184
185
186
187
193
192
191
190
189
188
164
165
166
167
168
